  -3.0000e+00   2.2950e+01   2.1765e+01   4.0203e+01
  -2.9393e+00   2.2176e+01   2.1130e+01   3.5652e+01
  -2.8787e+00   2.1415e+01   2.0498e+01   3.1766e+01
  -2.8181e+00   2.0669e+01   1.9869e+01   2.8458e+01
  -2.7575e+00   1.9938e+01   1.9244e+01   2.5648e+01
  -2.6969e+00   1.9221e+01   1.8623e+01   2.3268e+01
  -2.6363e+00   1.8519e+01   1.8008e+01   2.1254e+01
  -2.5757e+00   1.7831e+01   1.7400e+01   1.9551e+01
  -2.5151e+00   1.7158e+01   1.6797e+01   1.8110e+01
  -2.4545e+00   1.6499e+01   1.6202e+01   1.6889e+01
  -2.3939e+00   1.5854e+01   1.5615e+01   1.5851e+01
  -2.3333e+00   1.5225e+01   1.5036e+01   1.4962e+01
  -2.2727e+00   1.4609e+01   1.4466e+01   1.4195e+01
  -2.2121e+00   1.4009e+01   1.3906e+01   1.3527e+01
  -2.1515e+00   1.3422e+01   1.3355e+01   1.2935e+01
  -2.0909e+00   1.2850e+01   1.2814e+01   1.2404e+01
  -2.0303e+00   1.2293e+01   1.2284e+01   1.1919e+01
  -1.9696e+00   1.1750e+01   1.1765e+01   1.1468e+01
  -1.9090e+00   1.1222e+01   1.1257e+01   1.1042e+01
  -1.8484e+00   1.0709e+01   1.0761e+01   1.0633e+01
  -1.7878e+00   1.0209e+01   1.0276e+01   1.0234e+01
  -1.7272e+00   9.7251e+00   9.8042e+00   9.8435e+00
  -1.6666e+00   9.2549e+00   9.3442e+00   9.4558e+00
  -1.6060e+00   8.7992e+00   8.8969e+00   9.0697e+00
  -1.5454e+00   8.3581e+00   8.4623e+00   8.6839e+00
  -1.4848e+00   7.9314e+00   8.0408e+00   8.2982e+00
  -1.4242e+00   7.5192e+00   7.6324e+00   7.9128e+00
  -1.3636e+00   7.1216e+00   7.2373e+00   7.5283e+00
  -1.3030e+00   6.7385e+00   6.8557e+00   7.1457e+00
  -1.2424e+00   6.3699e+00   6.4876e+00   6.7664e+00
  -1.1818e+00   6.0158e+00   6.1332e+00   6.3919e+00
  -1.1212e+00   5.6762e+00   5.7926e+00   6.0238e+00
  -1.0606e+00   5.3511e+00   5.4659e+00   5.6638e+00
  -1.0000e+00   5.0405e+00   5.1530e+00   5.3135e+00
  -9.3939e-01   4.7444e+00   4.8542e+00   4.9746e+00
  -8.7878e-01   4.4629e+00   4.5693e+00   4.6485e+00
  -8.1818e-01   4.1958e+00   4.2985e+00   4.3366e+00
  -7.5757e-01   3.9433e+00   4.0418e+00   4.0403e+00
  -6.9696e-01   3.7053e+00   3.7992e+00   3.7606e+00
  -6.3636e-01   3.4817e+00   3.5707e+00   3.4985e+00
  -5.7575e-01   3.2727e+00   3.3564e+00   3.2547e+00
  -5.1515e-01   3.0782e+00   3.1562e+00   3.0299e+00
  -4.5454e-01   2.8983e+00   2.9701e+00   2.8244e+00
  -3.9393e-01   2.7328e+00   2.7982e+00   2.6385e+00
  -3.3333e-01   2.5818e+00   2.6404e+00   2.4724e+00
  -2.7272e-01   2.4454e+00   2.4967e+00   2.3259e+00
  -2.1212e-01   2.3234e+00   2.3672e+00   2.1989e+00
  -1.5151e-01   2.2160e+00   2.2517e+00   2.0912e+00
  -9.0909e-02   2.1231e+00   2.1504e+00   2.0023e+00
  -3.0303e-02   2.0446e+00   2.0632e+00   1.9317e+00
   3.0303e-02   1.9807e+00   1.9900e+00   1.8790e+00
   9.0909e-02   1.9313e+00   1.9310e+00   1.8434e+00
   1.5151e-01   1.8965e+00   1.8862e+00   1.8243e+00
   2.1212e-01   1.8761e+00   1.8554e+00   1.8211e+00
   2.7272e-01   1.8702e+00   1.8388e+00   1.8331e+00
   3.3333e-01   1.8789e+00   1.8364e+00   1.8596e+00
   3.9393e-01   1.9020e+00   1.8482e+00   1.9000e+00
   4.5454e-01   1.9397e+00   1.8743e+00   1.9536e+00
   5.1515e-01   1.9919e+00   1.9148e+00   2.0199e+00
   5.7575e-01   2.0586e+00   1.9696e+00   2.0983e+00
   6.3636e-01   2.1398e+00   2.0389e+00   2.1884e+00
   6.9696e-01   2.2355e+00   2.1228e+00   2.2898e+00
   7.5757e-01   2.3457e+00   2.2213e+00   2.4023e+00
   8.1818e-01   2.4704e+00   2.3346e+00   2.5255e+00
   8.7878e-01   2.6096e+00   2.4629e+00   2.6595e+00
   9.3939e-01   2.7634e+00   2.6063e+00   2.8040e+00
   1.0000e+00   2.9316e+00   2.7649e+00   2.9593e+00
   1.0606e+00   3.1144e+00   2.9390e+00   3.1254e+00
   1.1212e+00   3.3117e+00   3.1287e+00   3.3026e+00
   1.1818e+00   3.5235e+00   3.3342e+00   3.4914e+00
   1.2424e+00   3.7498e+00   3.5559e+00   3.6921e+00
   1.3030e+00   3.9906e+00   3.7940e+00   3.9055e+00
   1.3636e+00   4.2459e+00   4.0488e+00   4.1321e+00
   1.4242e+00   4.5157e+00   4.3205e+00   4.3728e+00
   1.4848e+00   4.8001e+00   4.6096e+00   4.6286e+00
   1.5454e+00   5.0989e+00   4.9163e+00   4.9005e+00
   1.6060e+00   5.4123e+00   5.2412e+00   5.1898e+00
   1.6666e+00   5.7401e+00   5.5845e+00   5.4978e+00
   1.7272e+00   6.0825e+00   5.9468e+00   5.8262e+00
   1.7878e+00   6.4394e+00   6.3284e+00   6.1767e+00
   1.8484e+00   6.8108e+00   6.7300e+00   6.5512e+00
   1.9090e+00   7.1967e+00   7.1520e+00   6.9520e+00
   1.9696e+00   7.5971e+00   7.5950e+00   7.3817e+00
   2.0303e+00   8.0121e+00   8.0596e+00   7.8431e+00
   2.0909e+00   8.4415e+00   8.5465e+00   8.3394e+00
   2.1515e+00   8.8855e+00   9.0562e+00   8.8743e+00
   2.2121e+00   9.3439e+00   9.5894e+00   9.4519e+00
   2.2727e+00   9.8169e+00   1.0147e+01   1.0077e+01
   2.3333e+00   1.0304e+01   1.0729e+01   1.0755e+01
   2.3939e+00   1.0806e+01   1.1338e+01   1.1492e+01
   2.4545e+00   1.1322e+01   1.1973e+01   1.2296e+01
   2.5151e+00   1.1853e+01   1.2636e+01   1.3173e+01
   2.5757e+00   1.2399e+01   1.3327e+01   1.4134e+01
   2.6363e+00   1.2959e+01   1.4048e+01   1.5189e+01
   2.6969e+00   1.3534e+01   1.4799e+01   1.6349e+01
   2.7575e+00   1.4123e+01   1.5582e+01   1.7629e+01
   2.8181e+00   1.4726e+01   1.6398e+01   1.9042e+01
   2.8787e+00   1.5344e+01   1.7247e+01   2.0607e+01
   2.9393e+00   1.5977e+01   1.8131e+01   2.2343e+01
   3.0000e+00   1.6624e+01   1.9051e+01   2.4273e+01
