 0.000000e+00   0.000000e+00
 1.000000e-02   6.279052e-02
 2.000000e-02   1.253332e-01
 3.000000e-02   1.873813e-01
 4.000000e-02   2.486899e-01
 5.000000e-02   3.090170e-01
 5.999999e-02   3.681245e-01
 6.999999e-02   4.257793e-01
 7.999999e-02   4.817536e-01
 8.999999e-02   5.358267e-01
 9.999999e-02   5.877852e-01
 1.100000e-01   6.374239e-01
 1.200000e-01   6.845470e-01
 1.300000e-01   7.289686e-01
 1.400000e-01   7.705132e-01
 1.500000e-01   8.090169e-01
 1.600000e-01   8.443279e-01
 1.700000e-01   8.763067e-01
 1.800000e-01   9.048271e-01
 1.900000e-01   9.297765e-01
 2.000000e-01   9.510565e-01
 2.100000e-01   9.685832e-01
 2.200000e-01   9.822873e-01
 2.300000e-01   9.921147e-01
 2.400000e-01   9.980267e-01
 2.500000e-01   1.000000e+00
 2.600000e-01   9.980267e-01
 2.700000e-01   9.921147e-01
 2.800000e-01   9.822872e-01
 2.900000e-01   9.685832e-01
 3.000000e-01   9.510565e-01
 3.100000e-01   9.297765e-01
 3.200000e-01   9.048272e-01
 3.300000e-01   8.763068e-01
 3.399999e-01   8.443281e-01
 3.499999e-01   8.090172e-01
 3.599999e-01   7.705135e-01
 3.699999e-01   7.289690e-01
 3.799999e-01   6.845475e-01
 3.899999e-01   6.374245e-01
 3.999999e-01   5.877858e-01
 4.099999e-01   5.358275e-01
 4.199999e-01   4.817544e-01
 4.299999e-01   4.257801e-01
 4.399998e-01   3.681254e-01
 4.499998e-01   3.090180e-01
 4.599998e-01   2.486909e-01
 4.699998e-01   1.873824e-01
 4.799998e-01   1.253344e-01
 4.899998e-01   6.279176e-02
 4.999998e-01   1.310775e-06
 5.099998e-01  -6.278934e-02
 5.199998e-01  -1.253320e-01
 5.299998e-01  -1.873800e-01
 5.399998e-01  -2.486886e-01
 5.499998e-01  -3.090156e-01
 5.599998e-01  -3.681232e-01
 5.699998e-01  -4.257779e-01
 5.799997e-01  -4.817523e-01
 5.899997e-01  -5.358254e-01
 5.999997e-01  -5.877839e-01
 6.099997e-01  -6.374226e-01
 6.199997e-01  -6.845458e-01
 6.299997e-01  -7.289673e-01
 6.399997e-01  -7.705120e-01
 6.499997e-01  -8.090158e-01
 6.599997e-01  -8.443268e-01
 6.699997e-01  -8.763056e-01
 6.799996e-01  -9.048261e-01
 6.899996e-01  -9.297757e-01
 6.999996e-01  -9.510558e-01
 7.099996e-01  -9.685826e-01
 7.199996e-01  -9.822868e-01
 7.299996e-01  -9.921144e-01
 7.399996e-01  -9.980265e-01
 7.499996e-01  -1.000000e+00
 7.599996e-01  -9.980269e-01
 7.699996e-01  -9.921150e-01
 7.799996e-01  -9.822878e-01
 7.899995e-01  -9.685839e-01
 7.999995e-01  -9.510574e-01
 8.099995e-01  -9.297776e-01
 8.199995e-01  -9.048284e-01
 8.299995e-01  -8.763082e-01
 8.399995e-01  -8.443296e-01
 8.499995e-01  -8.090189e-01
 8.599995e-01  -7.705153e-01
 8.699995e-01  -7.289709e-01
 8.799995e-01  -6.845496e-01
 8.899994e-01  -6.374267e-01
 8.999994e-01  -5.877881e-01
 9.099994e-01  -5.358298e-01
 9.199994e-01  -4.817569e-01
 9.299994e-01  -4.257827e-01
 9.399994e-01  -3.681281e-01
 9.499994e-01  -3.090206e-01
 9.599994e-01  -2.486936e-01
 9.699994e-01  -1.873852e-01
 9.799994e-01  -1.253372e-01
 9.899994e-01  -6.279457e-02
 9.999993e-01  -4.119577e-06
 1.009999e+00   6.278672e-02
 1.019999e+00   1.253294e-01
 1.029999e+00   1.873775e-01
 1.039999e+00   2.486860e-01
 1.049999e+00   3.090132e-01
 1.059999e+00   3.681207e-01
 1.069999e+00   4.257755e-01
 1.079999e+00   4.817500e-01
 1.089999e+00   5.358232e-01
 1.099999e+00   5.877817e-01
 1.109999e+00   6.374206e-01
 1.119999e+00   6.845438e-01
 1.129999e+00   7.289655e-01
 1.139999e+00   7.705103e-01
 1.149999e+00   8.090143e-01
 1.159999e+00   8.443254e-01
 1.169999e+00   8.763044e-01
 1.179999e+00   9.048250e-01
 1.189999e+00   9.297747e-01
 1.199999e+00   9.510550e-01
 1.209999e+00   9.685819e-01
 1.219999e+00   9.822863e-01
 1.229999e+00   9.921141e-01
 1.239999e+00   9.980264e-01
 1.249999e+00   1.000000e+00
 1.259999e+00   9.980271e-01
 1.269999e+00   9.921154e-01
 1.279999e+00   9.822882e-01
 1.289999e+00   9.685845e-01
 1.299999e+00   9.510582e-01
 1.309999e+00   9.297786e-01
 1.319999e+00   9.048294e-01
 1.329999e+00   8.763095e-01
 1.339999e+00   8.443310e-01
 1.349999e+00   8.090204e-01
 1.359999e+00   7.705170e-01
 1.369999e+00   7.289727e-01
 1.379999e+00   6.845515e-01
 1.389999e+00   6.374287e-01
 1.399999e+00   5.877903e-01
 1.409999e+00   5.358320e-01
 1.419999e+00   4.817592e-01
 1.429999e+00   4.257850e-01
 1.439999e+00   3.681305e-01
 1.449999e+00   3.090231e-01
 1.459999e+00   2.486962e-01
 1.469999e+00   1.873878e-01
 1.479999e+00   1.253398e-01
 1.489999e+00   6.279719e-02
 1.499999e+00   6.741127e-06
 1.509999e+00  -6.278373e-02
 1.519999e+00  -1.253264e-01
 1.529999e+00  -1.873745e-01
 1.539999e+00  -2.486831e-01
 1.549999e+00  -3.090103e-01
 1.559999e+00  -3.681180e-01
 1.569999e+00  -4.257728e-01
 1.579999e+00  -4.817474e-01
 1.589999e+00  -5.358207e-01
 1.599999e+00  -5.877793e-01
 1.609999e+00  -6.374183e-01
 1.619999e+00  -6.845416e-01
 1.629999e+00  -7.289635e-01
 1.639999e+00  -7.705084e-01
 1.649999e+00  -8.090125e-01
 1.659999e+00  -8.443238e-01
 1.669999e+00  -8.763030e-01
 1.679999e+00  -9.048237e-01
 1.689999e+00  -9.297736e-01
 1.699999e+00  -9.510540e-01
 1.709999e+00  -9.685812e-01
 1.719999e+00  -9.822857e-01
 1.729999e+00  -9.921137e-01
 1.739999e+00  -9.980262e-01
 1.749999e+00  -1.000000e+00
 1.759999e+00  -9.980273e-01
 1.769999e+00  -9.921157e-01
 1.779999e+00  -9.822888e-01
 1.789999e+00  -9.685853e-01
 1.799999e+00  -9.510592e-01
 1.809999e+00  -9.297796e-01
 1.819999e+00  -9.048308e-01
 1.829999e+00  -8.763109e-01
 1.839999e+00  -8.443326e-01
 1.849999e+00  -8.090222e-01
 1.859999e+00  -7.705189e-01
 1.869999e+00  -7.289748e-01
 1.879999e+00  -6.845537e-01
 1.889999e+00  -6.374310e-01
 1.899999e+00  -5.877926e-01
 1.909999e+00  -5.358346e-01
 1.919999e+00  -4.817618e-01
 1.929999e+00  -4.257877e-01
 1.939999e+00  -3.681333e-01
 1.949998e+00  -3.090260e-01
 1.959998e+00  -2.486991e-01
 1.969998e+00  -1.873907e-01
 1.979998e+00  -1.253428e-01
 1.989998e+00  -6.280018e-02
 1.999998e+00  -9.737183e-06
